4294967279,200
4294967279,196
4294967279,195
74,5
4294967278,192
4294967279,193
4294967278,191
74,4
74,3
74,2
74,1
4294967279,188
4294967278,188
4294967278,187
73,6
4294967278,184
73,5
4294967278,183
4294967279,184
4294967278,182
73,4
4294967279,183
73,3
73,2
73,1
4294967278,181
4294967279,182
4294967294,2304
4294967278,180
4294967294,1446
4294967279,179
4294967278,179
4294967278,178
72,5
4294967279,178
4294967278,176
4294967279,177
72,4
4294967278,175
72,3
72,2
72,1
4294967279,176
4294967294,2305
4294967279,175
4294967278,172
4294967279,173
4294967278,171
71,4
4294967279,172
71,3
71,2
71,1
4294967278,170
4294967279,171
4294967278,169
4294967278,168
4294967278,296
4294967279,303
4294967278,167
70,5
4294967294,1596
4294967278,165
4294967278,527
4294967278,162
4294967278,161
4294967279,162
4294967278,160
70,4
4294967279,161
70,3
70,2
70,1
4294967278,159
4294967279,159
4294967278,157
4294967279,158
4294967278,156
4294967279,156
4294967278,155
4294967279,155
4294967278,152
4294967279,154
4294967278,568
68,5
4294967278,567
4294967278,147
4294967279,147
4294967278,146
4294967278,144
68,4
4294967278,145
68,3
68,2
68,1
4294967278,291
4294967278,143
4294967278,142
4294967279,142
4294967278,141
4294967279,141
4294967278,140
4294967278,139
4294967278,289
4294967278,138
66,5
4294967278,136
4294967278,272
4294967278,133
4294967278,288
4294967279,275
4294967279,273
4294967278,271
66,4
4294967279,274
66,3
66,2
66,1
4294967279,284
4294967278,270
4294967279,272
4294967278,268
4294967278,284
4294967279,270
4294967294,1424
4294967278,266
4294967279,269
4294967294,799
4294967278,264
64,5
4294967278,554
4294967279,262
4294967278,257
4294967278,516
4294967279,259
64,4
4294967278,540
64,3
64,2
64,1
4294967279,258
4294967278,565
4294967279,350
4294967279,328
4294967278,319
4294967279,255
4294967279,253
4294967278,252
4294967279,250
4294967278,250
4294967278,246
4294967279,249
62,4
4294967278,248
62,3
62,2
62,1
4294967279,248
4294967278,244
4294967279,244
4294967278,242
4294967279,242
4294967278,240
4294967279,240
4294967278,238
4294967294,1595
4294967279,236
4294967294,1419
4294967294,182
4294967278,236
60,5
4294967279,234
4294967278,232
4294967279,232
60,4
4294967278,230
60,3
60,2
60,1
4294967278,228
4294967278,226
4294967278,224
4294967279,224
4294967278,222
59,4
4294967279,222
59,3
59,2
59,1
4294967279,221
4294967278,220
4294967294,1095
4294967294,770
4294967294,1645
4294967279,220
4294967294,811
4294967279,364
4294967294,781
4294967279,376
4294967294,84
4294967294,96
4294967294,94
4294967294,470
4294967294,973
4294967278,204
4294967279,56
4294967279,55
4294967279,49
4294967279,204
4294967278,67
4294967278,56
4294967278,55
4294967278,51
4294967278,49
4294967278,47
4294967278,46
4294967278,42
4294967278,41
4294967278,37
4294967278,36
4294967278,32
4294967278,31
4294967278,27
4294967278,26
4294967278,22
4294967278,21
4294967278,17
4294967278,12
4294967278,7
4294967279,131
4294967279,126
4294967279,115
4294967279,110
4294967279,105
4294967279,100
4294967279,95
4294967279,90
4294967279,78
4294967279,21
4294967279,18
4294967279,16
4294967279,10
4294967279,4
4294967278,202
4294967279,203
55,4
4294967278,89
4294967278,561
54,5
4294967278,200
54,4
4294967278,199
4294967278,198
4294967278,197
4294967279,198
57,5
57,6
4294967278,196
57,4
44,5
4294967293,131
4294967293,130
4294967293,129
4294967293,128
4294967293,127
4294967293,126
4294967293,125
4294967293,124
4294967293,123
4294967293,122
4294967293,121
4294967293,120
4294967293,119
4294967293,118
4294967293,117
4294967293,116
4294967293,115
4294967293,114
4294967293,113
4294967293,112
4294967293,111
4294967293,110
4294967293,109
4294967293,108
4294967293,107
4294967293,106
4294967293,105
4294967293,104
4294967293,103
4294967293,102
4294967293,101
4294967293,100
4294967293,99
4294967293,98
4294967293,97
4294967293,96
4294967293,95
4294967293,94
4294967293,93
4294967293,92
4294967293,91
4294967293,90
4294967293,89
4294967293,87
4294967293,86
4294967293,85
4294967293,84
4294967293,83
4294967293,82
4294967293,81
4294967293,80
4294967293,79
4294967293,78
4294967293,77
4294967293,76
4294967293,75
4294967293,74
4294967293,73
4294967293,72
4294967293,71
4294967293,70
4294967293,69
4294967293,68
4294967293,67
4294967293,66
4294967293,65
4294967293,64
4294967293,63
4294967293,62
4294967293,61
4294967293,60
4294967293,59
4294967293,58
4294967293,57
4294967293,56
4294967293,55
4294967293,54
4294967293,53
4294967293,52
4294967293,51
4294967293,50
4294967293,49
4294967293,48
4294967293,47
4294967293,46
4294967293,45
4294967293,44
4294967293,43
4294967293,42
4294967293,41
4294967293,40
4294967293,39
4294967293,38
4294967293,37
4294967293,36
4294967293,35
4294967293,34
4294967293,33
4294967293,32
4294967293,31
4294967293,30
4294967293,29
4294967293,28
4294967293,27
4294967293,26
4294967293,25
4294967293,24
4294967293,23
4294967293,22
4294967293,21
4294967293,20
4294967293,19
4294967293,18
4294967293,17
4294967293,16
4294967293,15
4294967293,14
4294967293,13
4294967293,12
4294967293,11
4294967293,10
4294967293,9
4294967293,8
4294967293,7
4294967293,6
4294967293,5
4294967293,4
4294967293,3
4294967278,517
4294967278,132
4294967278,130
4294967278,255
4294967278,126
4294967278,125
4294967278,124
4294967278,120
4294967278,119
4294967278,118
4294967278,117
4294967278,116
4294967278,115
4294967278,233
4294967278,111
4294967278,110
4294967278,109
4294967278,108
4294967278,107
4294967278,106
4294967278,174
4294967278,105
4294967278,104
4294967278,103
4294967278,101
4294967278,311
4294967278,100
4294967278,99
4294967278,552
4294967278,95
4294967278,94
4294967278,93
4294967278,92
4294967278,90
4294967278,87
4294967278,86
4294967278,85
4294967278,84
4294967278,342
4294967278,83
4294967278,81
4294967278,80
4294967278,78
4294967278,73
4294967278,68
4294967278,298
4294967278,58
4294967278,57
4294967278,528
4294967278,53
4294967278,52
4294967278,50
4294967278,48
4294967278,45
4294967278,544
4294967278,43
4294967278,346
4294967278,16
4294967278,260
4294967278,262
4294967278,9
4294967279,326
4294967279,127
4294967279,321
4294967279,120
4294967279,247
4294967279,119
4294967279,245
4294967279,118
4294967279,235
4294967279,112
4294967279,174
4294967279,94
4294967279,93
4294967279,92
4294967279,91
4294967279,89
4294967279,87
4294967279,85
4294967279,84
4294967279,83
4294967279,82
4294967279,81
4294967279,74
4294967279,410
4294967279,73
4294967279,68
4294967279,63
4294967279,58
4294967279,54
4294967279,53
4294967279,52
4294967279,51
4294967279,50
4294967279,48
4294967279,47
4294967279,46
4294967279,44
4294967279,43
4294967279,42
4294967279,41
4294967279,40
4294967279,39
4294967279,38
4294967279,37
4294967279,36
4294967279,35
4294967279,34
4294967279,33
4294967279,32
4294967279,31
4294967279,30
4294967279,29
4294967279,332
4294967279,28
4294967279,27
4294967279,26
4294967279,25
4294967279,24
4294967279,23
4294967279,22
4294967279,20
4294967279,19
4294967279,17
4294967279,12
4294967279,7
4294967279,88
4294967279,2
44,4
4294967294,164
4294967294,188
4294967294,68
4294967294,12
4294967294,11
4294967294,184
4294967294,471
4294967294,1629
4294967294,2311
4294967294,909
4294967294,981
4294967294,791
4294967294,1440
4294967278,532
4294967278,341
4294967279,409
4294967279,408
4294967278,525
4294967279,355
4294967294,0
4294967294,742
4294967294,741
4294967294,740
4294967294,739
4294967294,738
4294967294,737
4294967294,735
4294967294,734
4294967294,733
4294967294,732
4294967294,729
4294967294,728
4294967294,727
4294967294,726
4294967294,725
4294967294,723
4294967294,722
4294967294,720
4294967294,712
4294967294,710
4294967294,709
4294967294,708
4294967294,707
4294967294,706
4294967294,705
4294967294,704
4294967294,703
4294967294,701
4294967294,699
4294967294,698
4294967294,569
4294967294,697
4294967294,696
4294967294,694
4294967294,693
4294967294,691
4294967294,690
4294967294,685
4294967294,684
4294967294,683
4294967294,680
4294967294,677
4294967294,676
4294967294,675
4294967294,674
4294967294,673
4294967294,672
4294967294,669
4294967294,668
4294967294,666
4294967294,663
4294967294,662
4294967294,660
4294967294,658
4294967294,657
4294967294,656
4294967294,654
4294967294,653
4294967294,652
4294967294,651
4294967294,650
4294967294,649
4294967294,648
4294967294,647
4294967294,645
4294967294,644
4294967294,641
4294967294,640
4294967294,638
4294967294,637
4294967294,635
4294967294,634
4294967294,633
4294967294,632
4294967294,630
4294967294,629
4294967294,628
4294967294,627
4294967294,625
4294967294,624
4294967294,623
4294967294,618
4294967294,617
4294967294,616
4294967294,615
4294967294,614
4294967294,613
4294967294,611
4294967294,609
4294967294,608
4294967294,607
4294967294,605
4294967294,604
4294967294,603
4294967294,602
4294967294,601
4294967294,600
4294967294,599
4294967294,598
4294967294,597
4294967294,595
4294967294,594
4294967294,593
4294967294,591
4294967294,563
4294967294,590
4294967294,586
4294967294,585
4294967294,584
4294967294,583
4294967294,582
4294967294,581
4294967294,580
4294967294,559
4294967294,318
4294967294,313
4294967294,312
4294967294,308
4294967294,305
4294967294,304
4294967294,1441
4294967294,1426
4294967294,952
4294967294,925
4294967294,923
4294967294,2312
4294967294,1428
4294967294,496
4294967294,774
4294967294,1442
4294967294,302
4294967294,298
4294967294,773
4294967294,297
4294967294,296
4294967294,295
4294967294,294
4294967294,554
4294967294,290
4294967294,282
4294967294,281
4294967294,280
4294967294,273
4294967294,272
4294967294,271
4294967294,270
4294967294,269
4294967294,268
4294967294,267
4294967294,266
4294967294,265
4294967294,264
4294967294,263
4294967294,262
4294967294,258
4294967294,256
4294967294,255
4294967294,254
4294967294,253
4294967294,251
4294967294,249
4294967294,244
4294967294,242
4294967294,240
4294967294,239
4294967294,238
4294967294,237
4294967294,236
4294967294,234
4294967294,228
4294967294,227
4294967294,2306
4294967294,224
1,0
4294967294,221
4294967294,545
4294967294,219
4294967294,218
4294967294,217
4294967294,215
4294967294,214
4294967294,210
4294967294,209
4294967294,208
4294967294,207
4294967294,203
4294967294,202
4294967294,200
4294967294,199
4294967294,1259
4294967294,198
4294967294,195
4294967294,194
4294967294,540
4294967294,538
4294967294,537
4294967294,1254
4294967294,533
4294967294,528
4294967294,1422
4294967294,527
4294967294,526
4294967294,522
4294967294,1558
4294967294,520
4294967294,519
4294967294,518
4294967294,560
4294967294,531
4294967294,517
